31.12 0
30.12 3
29.12 -1
28.12 -2
27.12 0
26.12 1
25.12 2
24.12 3
23.12 4
22.12 5
21.12 2
20.12 1
19.12 1
18.12 6
16.06 21
15.06 15
14.06 17
13.06 19
12.06 15
11.06 21
10.06 20
09.06 19
17.12 3
16.12 1
15.12 1
14.12 2
13.12 2
12.12 0
11.12 -2
10.12 -1
09.12 5
08.12 2
07.12 1
06.12 3
05.12 4
04.12 2
03.12 -1
02.12 0
01.12 -1
30.11 -2
29.11 1
28.11 2
27.11 0
26.11 -2
25.11 -3
24.11 -3
23.11 -5
22.11 -3
21.11 4
20.11 3
19.11 6
18.11 5
17.11 8
16.11 3
15.11 3
14.11 9
13.11 6
12.11 3
11.11 4
10.11 10
09.11 4
08.11 0
07.11 -3
06.11 0
05.11 1
04.11 2
03.11 4
02.11 1
01.11 0
31.10 2
30.10 -2
29.10 -1
28.10 1
27.10 2
26.10 9
25.10 13
24.10 10
23.10 10
22.10 9
21.10 5
20.10 10
19.10 13
18.10 6
17.10 4
16.10 5
15.10 4
14.10 5
13.10 10
12.10 9
11.10 10
10.10 7
09.10 6
08.10 5
07.10 3
06.10 3
05.10 3
04.10 3
03.10 5
02.10 8
01.10 9
30.09 12
29.09 9
28.09 11
27.09 9
26.09 9
25.09 6
24.09 7
23.09 7
22.09 5
21.09 7
20.09 9
19.09 9
18.09 10
17.09 9
16.09 10
15.09 10
14.09 13
13.09 14
12.09 18
11.09 21
10.09 25
09.09 21
08.09 20
07.09 18
06.09 17
05.09 21
04.09 19
03.09 17
02.09 24
01.09 24
31.08 20
30.08 23
29.08 24
28.08 24
27.08 21
26.08 18
25.08 19
24.08 17
23.08 20
22.08 19
21.08 17
20.08 21
19.08 22
18.08 22
17.08 23
16.08 19
15.08 17
14.08 16
13.08 20
12.08 21
11.08 19
10.08 20
09.08 18
08.08 17
07.08 16
06.08 18
05.08 18
04.08 15
03.08 14
02.08 16
01.08 14
31.07 12
30.07 12
29.07 14
28.07 19
27.07 27
26.07 28
25.07 21
24.07 18
23.07 25
22.07 25
21.07 22
20.07 21
19.07 16
18.07 15
17.07 17
16.07 21
15.07 19
14.07 14
13.07 15
12.07 15
11.07 13
10.07 17
09.07 14
08.07 18
07.07 19
06.07 15
05.07 15
04.07 17
03.07 13
02.07 20
01.07 22
30.06 21
29.06 17
28.06 19
27.06 18
26.06 18
25.06 22
24.06 19
23.06 20
22.06 18
21.06 27
20.06 28
19.06 23
18.06 20
17.06 21
08.06 30
07.06 25
06.06 30
05.06 27
04.06 27
03.06 17
02.06 12
01.06 19
31.05 14
30.05 16
29.05 13
28.05 18
27.05 11
26.05 15
25.05 15
24.05 14
23.05 10
22.05 22
21.05 20
20.05 26
19.05 21
18.05 21
17.05 20
16.05 16
15.05 14
14.05 10
13.05 18
12.05 18
11.05 16
10.05 21
09.05 14
08.05 11
07.05 5
06.05 11
05.05 7
04.05 9
03.05 2
02.05 8
01.05 15
30.04 13
29.04 6
28.04 7
27.04 17
26.04 20
25.04 19
24.04 20
23.04 17
22.04 16
21.04 14
20.04 7
19.04 11
18.04 12
17.04 10
16.04 10
15.04 8
14.04 7
13.04 5
12.04 5
11.04 0
10.04 2
09.04 4
08.04 6
07.04 12
06.04 14
05.04 14
04.04 13
03.04 11
02.04 5
01.04 3
31.03 2
30.03 4
29.03 7
28.03 3
27.03 1
19.03 4
18.03 4
17.03 3
16.03 2
15.03 4
14.03 0
13.03 -1
12.03 -3
11.03 -3
10.03 3
09.03 0
08.03 7
07.03 0
06.03 -7
05.03 -3
04.03 -2
03.03 -5
02.03 0
01.03 -3
23.02 0
22.02 -3
21.02 -5
20.02 0
19.02 2
18.02 0
17.02 2
16.02 3
15.02 3
14.02 0
13.02 -1
12.02 0
11.02 1
10.02 2
09.02 2
08.02 1
07.02 -2
06.02 -2
05.02 -1
04.02 -2
03.02 -1
02.02 -2
01.02 -2
31.01 -7
30.01 1
29.01 -6
28.01 -11
27.01 -11
26.01 -9
25.01 -11
24.01 -19
23.01 -10
22.01 -10
21.01 -17
20.01 -12
19.01 -6
18.01 -10
26.03 0
25.03 4
24.03 3
23.03 6
22.03 4
21.03 5
20.03 1
17.01 0
16.01 -5
15.01 -2
14.01 0
13.01 -4
12.01 -4
11.01 -1
10.01 -4
09.01 -4
08.01 -2
07.01 0
06.01 -6
05.01 -3
04.01 -5
03.01 -3
02.01 0
01.01 0